# UNITS: metal COMMENT: initial electron temperature, Te(x) = K*(1+x/a) at cell centers (exaStamp wavefront source)
1 1 1 17406.787509248563
2 1 1 29011.312515414269
3 1 1 40615.837521579975
4 1 1 52220.362527745689
1 2 1 17406.787509248563
2 2 1 29011.312515414269
3 2 1 40615.837521579975
4 2 1 52220.362527745689
1 3 1 17406.787509248563
2 3 1 29011.312515414269
3 3 1 40615.837521579975
4 3 1 52220.362527745689
1 4 1 17406.787509248563
2 4 1 29011.312515414269
3 4 1 40615.837521579975
4 4 1 52220.362527745689
1 1 2 17406.787509248563
2 1 2 29011.312515414269
3 1 2 40615.837521579975
4 1 2 52220.362527745689
1 2 2 17406.787509248563
2 2 2 29011.312515414269
3 2 2 40615.837521579975
4 2 2 52220.362527745689
1 3 2 17406.787509248563
2 3 2 29011.312515414269
3 3 2 40615.837521579975
4 3 2 52220.362527745689
1 4 2 17406.787509248563
2 4 2 29011.312515414269
3 4 2 40615.837521579975
4 4 2 52220.362527745689
1 1 3 17406.787509248563
2 1 3 29011.312515414269
3 1 3 40615.837521579975
4 1 3 52220.362527745689
1 2 3 17406.787509248563
2 2 3 29011.312515414269
3 2 3 40615.837521579975
4 2 3 52220.362527745689
1 3 3 17406.787509248563
2 3 3 29011.312515414269
3 3 3 40615.837521579975
4 3 3 52220.362527745689
1 4 3 17406.787509248563
2 4 3 29011.312515414269
3 4 3 40615.837521579975
4 4 3 52220.362527745689
1 1 4 17406.787509248563
2 1 4 29011.312515414269
3 1 4 40615.837521579975
4 1 4 52220.362527745689
1 2 4 17406.787509248563
2 2 4 29011.312515414269
3 2 4 40615.837521579975
4 2 4 52220.362527745689
1 3 4 17406.787509248563
2 3 4 29011.312515414269
3 3 4 40615.837521579975
4 3 4 52220.362527745689
1 4 4 17406.787509248563
2 4 4 29011.312515414269
3 4 4 40615.837521579975
4 4 4 52220.362527745689
