# UNITS: metal COMMENT: Te(x)=K*(1+0.6*x/a) at cell centers: 1.3..4.3 eV
1 1 1 15085.88250801542
2 1 1 22048.597511714848
3 1 1 29011.312515414269
4 1 1 35974.027519113697
5 1 1 42936.742522813125
6 1 1 49899.457526512546
1 2 1 15085.88250801542
2 2 1 22048.597511714848
3 2 1 29011.312515414269
4 2 1 35974.027519113697
5 2 1 42936.742522813125
6 2 1 49899.457526512546
1 3 1 15085.88250801542
2 3 1 22048.597511714848
3 3 1 29011.312515414269
4 3 1 35974.027519113697
5 3 1 42936.742522813125
6 3 1 49899.457526512546
1 4 1 15085.88250801542
2 4 1 22048.597511714848
3 4 1 29011.312515414269
4 4 1 35974.027519113697
5 4 1 42936.742522813125
6 4 1 49899.457526512546
1 5 1 15085.88250801542
2 5 1 22048.597511714848
3 5 1 29011.312515414269
4 5 1 35974.027519113697
5 5 1 42936.742522813125
6 5 1 49899.457526512546
1 6 1 15085.88250801542
2 6 1 22048.597511714848
3 6 1 29011.312515414269
4 6 1 35974.027519113697
5 6 1 42936.742522813125
6 6 1 49899.457526512546
1 1 2 15085.88250801542
2 1 2 22048.597511714848
3 1 2 29011.312515414269
4 1 2 35974.027519113697
5 1 2 42936.742522813125
6 1 2 49899.457526512546
1 2 2 15085.88250801542
2 2 2 22048.597511714848
3 2 2 29011.312515414269
4 2 2 35974.027519113697
5 2 2 42936.742522813125
6 2 2 49899.457526512546
1 3 2 15085.88250801542
2 3 2 22048.597511714848
3 3 2 29011.312515414269
4 3 2 35974.027519113697
5 3 2 42936.742522813125
6 3 2 49899.457526512546
1 4 2 15085.88250801542
2 4 2 22048.597511714848
3 4 2 29011.312515414269
4 4 2 35974.027519113697
5 4 2 42936.742522813125
6 4 2 49899.457526512546
1 5 2 15085.88250801542
2 5 2 22048.597511714848
3 5 2 29011.312515414269
4 5 2 35974.027519113697
5 5 2 42936.742522813125
6 5 2 49899.457526512546
1 6 2 15085.88250801542
2 6 2 22048.597511714848
3 6 2 29011.312515414269
4 6 2 35974.027519113697
5 6 2 42936.742522813125
6 6 2 49899.457526512546
1 1 3 15085.88250801542
2 1 3 22048.597511714848
3 1 3 29011.312515414269
4 1 3 35974.027519113697
5 1 3 42936.742522813125
6 1 3 49899.457526512546
1 2 3 15085.88250801542
2 2 3 22048.597511714848
3 2 3 29011.312515414269
4 2 3 35974.027519113697
5 2 3 42936.742522813125
6 2 3 49899.457526512546
1 3 3 15085.88250801542
2 3 3 22048.597511714848
3 3 3 29011.312515414269
4 3 3 35974.027519113697
5 3 3 42936.742522813125
6 3 3 49899.457526512546
1 4 3 15085.88250801542
2 4 3 22048.597511714848
3 4 3 29011.312515414269
4 4 3 35974.027519113697
5 4 3 42936.742522813125
6 4 3 49899.457526512546
1 5 3 15085.88250801542
2 5 3 22048.597511714848
3 5 3 29011.312515414269
4 5 3 35974.027519113697
5 5 3 42936.742522813125
6 5 3 49899.457526512546
1 6 3 15085.88250801542
2 6 3 22048.597511714848
3 6 3 29011.312515414269
4 6 3 35974.027519113697
5 6 3 42936.742522813125
6 6 3 49899.457526512546
1 1 4 15085.88250801542
2 1 4 22048.597511714848
3 1 4 29011.312515414269
4 1 4 35974.027519113697
5 1 4 42936.742522813125
6 1 4 49899.457526512546
1 2 4 15085.88250801542
2 2 4 22048.597511714848
3 2 4 29011.312515414269
4 2 4 35974.027519113697
5 2 4 42936.742522813125
6 2 4 49899.457526512546
1 3 4 15085.88250801542
2 3 4 22048.597511714848
3 3 4 29011.312515414269
4 3 4 35974.027519113697
5 3 4 42936.742522813125
6 3 4 49899.457526512546
1 4 4 15085.88250801542
2 4 4 22048.597511714848
3 4 4 29011.312515414269
4 4 4 35974.027519113697
5 4 4 42936.742522813125
6 4 4 49899.457526512546
1 5 4 15085.88250801542
2 5 4 22048.597511714848
3 5 4 29011.312515414269
4 5 4 35974.027519113697
5 5 4 42936.742522813125
6 5 4 49899.457526512546
1 6 4 15085.88250801542
2 6 4 22048.597511714848
3 6 4 29011.312515414269
4 6 4 35974.027519113697
5 6 4 42936.742522813125
6 6 4 49899.457526512546
1 1 5 15085.88250801542
2 1 5 22048.597511714848
3 1 5 29011.312515414269
4 1 5 35974.027519113697
5 1 5 42936.742522813125
6 1 5 49899.457526512546
1 2 5 15085.88250801542
2 2 5 22048.597511714848
3 2 5 29011.312515414269
4 2 5 35974.027519113697
5 2 5 42936.742522813125
6 2 5 49899.457526512546
1 3 5 15085.88250801542
2 3 5 22048.597511714848
3 3 5 29011.312515414269
4 3 5 35974.027519113697
5 3 5 42936.742522813125
6 3 5 49899.457526512546
1 4 5 15085.88250801542
2 4 5 22048.597511714848
3 4 5 29011.312515414269
4 4 5 35974.027519113697
5 4 5 42936.742522813125
6 4 5 49899.457526512546
1 5 5 15085.88250801542
2 5 5 22048.597511714848
3 5 5 29011.312515414269
4 5 5 35974.027519113697
5 5 5 42936.742522813125
6 5 5 49899.457526512546
1 6 5 15085.88250801542
2 6 5 22048.597511714848
3 6 5 29011.312515414269
4 6 5 35974.027519113697
5 6 5 42936.742522813125
6 6 5 49899.457526512546
1 1 6 15085.88250801542
2 1 6 22048.597511714848
3 1 6 29011.312515414269
4 1 6 35974.027519113697
5 1 6 42936.742522813125
6 1 6 49899.457526512546
1 2 6 15085.88250801542
2 2 6 22048.597511714848
3 2 6 29011.312515414269
4 2 6 35974.027519113697
5 2 6 42936.742522813125
6 2 6 49899.457526512546
1 3 6 15085.88250801542
2 3 6 22048.597511714848
3 3 6 29011.312515414269
4 3 6 35974.027519113697
5 3 6 42936.742522813125
6 3 6 49899.457526512546
1 4 6 15085.88250801542
2 4 6 22048.597511714848
3 4 6 29011.312515414269
4 4 6 35974.027519113697
5 4 6 42936.742522813125
6 4 6 49899.457526512546
1 5 6 15085.88250801542
2 5 6 22048.597511714848
3 5 6 29011.312515414269
4 5 6 35974.027519113697
5 5 6 42936.742522813125
6 5 6 49899.457526512546
1 6 6 15085.88250801542
2 6 6 22048.597511714848
3 6 6 29011.312515414269
4 6 6 35974.027519113697
5 6 6 42936.742522813125
6 6 6 49899.457526512546
