# UNITS: metal COMMENT: Te(x)=K*(1+x/a) at subcell centers, subdiv 3
1 1 1 13538.612507193326
2 1 1 17406.787509248563
3 1 1 21274.962511303798
4 1 1 25143.137513359034
5 1 1 29011.312515414269
6 1 1 32879.487517469504
7 1 1 36747.66251952474
8 1 1 40615.837521579975
9 1 1 44484.012523635211
10 1 1 48352.187525690446
11 1 1 52220.362527745689
12 1 1 56088.537529800924
1 2 1 13538.612507193326
2 2 1 17406.787509248563
3 2 1 21274.962511303798
4 2 1 25143.137513359034
5 2 1 29011.312515414269
6 2 1 32879.487517469504
7 2 1 36747.66251952474
8 2 1 40615.837521579975
9 2 1 44484.012523635211
10 2 1 48352.187525690446
11 2 1 52220.362527745689
12 2 1 56088.537529800924
1 3 1 13538.612507193326
2 3 1 17406.787509248563
3 3 1 21274.962511303798
4 3 1 25143.137513359034
5 3 1 29011.312515414269
6 3 1 32879.487517469504
7 3 1 36747.66251952474
8 3 1 40615.837521579975
9 3 1 44484.012523635211
10 3 1 48352.187525690446
11 3 1 52220.362527745689
12 3 1 56088.537529800924
1 4 1 13538.612507193326
2 4 1 17406.787509248563
3 4 1 21274.962511303798
4 4 1 25143.137513359034
5 4 1 29011.312515414269
6 4 1 32879.487517469504
7 4 1 36747.66251952474
8 4 1 40615.837521579975
9 4 1 44484.012523635211
10 4 1 48352.187525690446
11 4 1 52220.362527745689
12 4 1 56088.537529800924
1 5 1 13538.612507193326
2 5 1 17406.787509248563
3 5 1 21274.962511303798
4 5 1 25143.137513359034
5 5 1 29011.312515414269
6 5 1 32879.487517469504
7 5 1 36747.66251952474
8 5 1 40615.837521579975
9 5 1 44484.012523635211
10 5 1 48352.187525690446
11 5 1 52220.362527745689
12 5 1 56088.537529800924
1 6 1 13538.612507193326
2 6 1 17406.787509248563
3 6 1 21274.962511303798
4 6 1 25143.137513359034
5 6 1 29011.312515414269
6 6 1 32879.487517469504
7 6 1 36747.66251952474
8 6 1 40615.837521579975
9 6 1 44484.012523635211
10 6 1 48352.187525690446
11 6 1 52220.362527745689
12 6 1 56088.537529800924
1 7 1 13538.612507193326
2 7 1 17406.787509248563
3 7 1 21274.962511303798
4 7 1 25143.137513359034
5 7 1 29011.312515414269
6 7 1 32879.487517469504
7 7 1 36747.66251952474
8 7 1 40615.837521579975
9 7 1 44484.012523635211
10 7 1 48352.187525690446
11 7 1 52220.362527745689
12 7 1 56088.537529800924
1 8 1 13538.612507193326
2 8 1 17406.787509248563
3 8 1 21274.962511303798
4 8 1 25143.137513359034
5 8 1 29011.312515414269
6 8 1 32879.487517469504
7 8 1 36747.66251952474
8 8 1 40615.837521579975
9 8 1 44484.012523635211
10 8 1 48352.187525690446
11 8 1 52220.362527745689
12 8 1 56088.537529800924
1 9 1 13538.612507193326
2 9 1 17406.787509248563
3 9 1 21274.962511303798
4 9 1 25143.137513359034
5 9 1 29011.312515414269
6 9 1 32879.487517469504
7 9 1 36747.66251952474
8 9 1 40615.837521579975
9 9 1 44484.012523635211
10 9 1 48352.187525690446
11 9 1 52220.362527745689
12 9 1 56088.537529800924
1 10 1 13538.612507193326
2 10 1 17406.787509248563
3 10 1 21274.962511303798
4 10 1 25143.137513359034
5 10 1 29011.312515414269
6 10 1 32879.487517469504
7 10 1 36747.66251952474
8 10 1 40615.837521579975
9 10 1 44484.012523635211
10 10 1 48352.187525690446
11 10 1 52220.362527745689
12 10 1 56088.537529800924
1 11 1 13538.612507193326
2 11 1 17406.787509248563
3 11 1 21274.962511303798
4 11 1 25143.137513359034
5 11 1 29011.312515414269
6 11 1 32879.487517469504
7 11 1 36747.66251952474
8 11 1 40615.837521579975
9 11 1 44484.012523635211
10 11 1 48352.187525690446
11 11 1 52220.362527745689
12 11 1 56088.537529800924
1 12 1 13538.612507193326
2 12 1 17406.787509248563
3 12 1 21274.962511303798
4 12 1 25143.137513359034
5 12 1 29011.312515414269
6 12 1 32879.487517469504
7 12 1 36747.66251952474
8 12 1 40615.837521579975
9 12 1 44484.012523635211
10 12 1 48352.187525690446
11 12 1 52220.362527745689
12 12 1 56088.537529800924
1 1 2 13538.612507193326
2 1 2 17406.787509248563
3 1 2 21274.962511303798
4 1 2 25143.137513359034
5 1 2 29011.312515414269
6 1 2 32879.487517469504
7 1 2 36747.66251952474
8 1 2 40615.837521579975
9 1 2 44484.012523635211
10 1 2 48352.187525690446
11 1 2 52220.362527745689
12 1 2 56088.537529800924
1 2 2 13538.612507193326
2 2 2 17406.787509248563
3 2 2 21274.962511303798
4 2 2 25143.137513359034
5 2 2 29011.312515414269
6 2 2 32879.487517469504
7 2 2 36747.66251952474
8 2 2 40615.837521579975
9 2 2 44484.012523635211
10 2 2 48352.187525690446
11 2 2 52220.362527745689
12 2 2 56088.537529800924
1 3 2 13538.612507193326
2 3 2 17406.787509248563
3 3 2 21274.962511303798
4 3 2 25143.137513359034
5 3 2 29011.312515414269
6 3 2 32879.487517469504
7 3 2 36747.66251952474
8 3 2 40615.837521579975
9 3 2 44484.012523635211
10 3 2 48352.187525690446
11 3 2 52220.362527745689
12 3 2 56088.537529800924
1 4 2 13538.612507193326
2 4 2 17406.787509248563
3 4 2 21274.962511303798
4 4 2 25143.137513359034
5 4 2 29011.312515414269
6 4 2 32879.487517469504
7 4 2 36747.66251952474
8 4 2 40615.837521579975
9 4 2 44484.012523635211
10 4 2 48352.187525690446
11 4 2 52220.362527745689
12 4 2 56088.537529800924
1 5 2 13538.612507193326
2 5 2 17406.787509248563
3 5 2 21274.962511303798
4 5 2 25143.137513359034
5 5 2 29011.312515414269
6 5 2 32879.487517469504
7 5 2 36747.66251952474
8 5 2 40615.837521579975
9 5 2 44484.012523635211
10 5 2 48352.187525690446
11 5 2 52220.362527745689
12 5 2 56088.537529800924
1 6 2 13538.612507193326
2 6 2 17406.787509248563
3 6 2 21274.962511303798
4 6 2 25143.137513359034
5 6 2 29011.312515414269
6 6 2 32879.487517469504
7 6 2 36747.66251952474
8 6 2 40615.837521579975
9 6 2 44484.012523635211
10 6 2 48352.187525690446
11 6 2 52220.362527745689
12 6 2 56088.537529800924
1 7 2 13538.612507193326
2 7 2 17406.787509248563
3 7 2 21274.962511303798
4 7 2 25143.137513359034
5 7 2 29011.312515414269
6 7 2 32879.487517469504
7 7 2 36747.66251952474
8 7 2 40615.837521579975
9 7 2 44484.012523635211
10 7 2 48352.187525690446
11 7 2 52220.362527745689
12 7 2 56088.537529800924
1 8 2 13538.612507193326
2 8 2 17406.787509248563
3 8 2 21274.962511303798
4 8 2 25143.137513359034
5 8 2 29011.312515414269
6 8 2 32879.487517469504
7 8 2 36747.66251952474
8 8 2 40615.837521579975
9 8 2 44484.012523635211
10 8 2 48352.187525690446
11 8 2 52220.362527745689
12 8 2 56088.537529800924
1 9 2 13538.612507193326
2 9 2 17406.787509248563
3 9 2 21274.962511303798
4 9 2 25143.137513359034
5 9 2 29011.312515414269
6 9 2 32879.487517469504
7 9 2 36747.66251952474
8 9 2 40615.837521579975
9 9 2 44484.012523635211
10 9 2 48352.187525690446
11 9 2 52220.362527745689
12 9 2 56088.537529800924
1 10 2 13538.612507193326
2 10 2 17406.787509248563
3 10 2 21274.962511303798
4 10 2 25143.137513359034
5 10 2 29011.312515414269
6 10 2 32879.487517469504
7 10 2 36747.66251952474
8 10 2 40615.837521579975
9 10 2 44484.012523635211
10 10 2 48352.187525690446
11 10 2 52220.362527745689
12 10 2 56088.537529800924
1 11 2 13538.612507193326
2 11 2 17406.787509248563
3 11 2 21274.962511303798
4 11 2 25143.137513359034
5 11 2 29011.312515414269
6 11 2 32879.487517469504
7 11 2 36747.66251952474
8 11 2 40615.837521579975
9 11 2 44484.012523635211
10 11 2 48352.187525690446
11 11 2 52220.362527745689
12 11 2 56088.537529800924
1 12 2 13538.612507193326
2 12 2 17406.787509248563
3 12 2 21274.962511303798
4 12 2 25143.137513359034
5 12 2 29011.312515414269
6 12 2 32879.487517469504
7 12 2 36747.66251952474
8 12 2 40615.837521579975
9 12 2 44484.012523635211
10 12 2 48352.187525690446
11 12 2 52220.362527745689
12 12 2 56088.537529800924
1 1 3 13538.612507193326
2 1 3 17406.787509248563
3 1 3 21274.962511303798
4 1 3 25143.137513359034
5 1 3 29011.312515414269
6 1 3 32879.487517469504
7 1 3 36747.66251952474
8 1 3 40615.837521579975
9 1 3 44484.012523635211
10 1 3 48352.187525690446
11 1 3 52220.362527745689
12 1 3 56088.537529800924
1 2 3 13538.612507193326
2 2 3 17406.787509248563
3 2 3 21274.962511303798
4 2 3 25143.137513359034
5 2 3 29011.312515414269
6 2 3 32879.487517469504
7 2 3 36747.66251952474
8 2 3 40615.837521579975
9 2 3 44484.012523635211
10 2 3 48352.187525690446
11 2 3 52220.362527745689
12 2 3 56088.537529800924
1 3 3 13538.612507193326
2 3 3 17406.787509248563
3 3 3 21274.962511303798
4 3 3 25143.137513359034
5 3 3 29011.312515414269
6 3 3 32879.487517469504
7 3 3 36747.66251952474
8 3 3 40615.837521579975
9 3 3 44484.012523635211
10 3 3 48352.187525690446
11 3 3 52220.362527745689
12 3 3 56088.537529800924
1 4 3 13538.612507193326
2 4 3 17406.787509248563
3 4 3 21274.962511303798
4 4 3 25143.137513359034
5 4 3 29011.312515414269
6 4 3 32879.487517469504
7 4 3 36747.66251952474
8 4 3 40615.837521579975
9 4 3 44484.012523635211
10 4 3 48352.187525690446
11 4 3 52220.362527745689
12 4 3 56088.537529800924
1 5 3 13538.612507193326
2 5 3 17406.787509248563
3 5 3 21274.962511303798
4 5 3 25143.137513359034
5 5 3 29011.312515414269
6 5 3 32879.487517469504
7 5 3 36747.66251952474
8 5 3 40615.837521579975
9 5 3 44484.012523635211
10 5 3 48352.187525690446
11 5 3 52220.362527745689
12 5 3 56088.537529800924
1 6 3 13538.612507193326
2 6 3 17406.787509248563
3 6 3 21274.962511303798
4 6 3 25143.137513359034
5 6 3 29011.312515414269
6 6 3 32879.487517469504
7 6 3 36747.66251952474
8 6 3 40615.837521579975
9 6 3 44484.012523635211
10 6 3 48352.187525690446
11 6 3 52220.362527745689
12 6 3 56088.537529800924
1 7 3 13538.612507193326
2 7 3 17406.787509248563
3 7 3 21274.962511303798
4 7 3 25143.137513359034
5 7 3 29011.312515414269
6 7 3 32879.487517469504
7 7 3 36747.66251952474
8 7 3 40615.837521579975
9 7 3 44484.012523635211
10 7 3 48352.187525690446
11 7 3 52220.362527745689
12 7 3 56088.537529800924
1 8 3 13538.612507193326
2 8 3 17406.787509248563
3 8 3 21274.962511303798
4 8 3 25143.137513359034
5 8 3 29011.312515414269
6 8 3 32879.487517469504
7 8 3 36747.66251952474
8 8 3 40615.837521579975
9 8 3 44484.012523635211
10 8 3 48352.187525690446
11 8 3 52220.362527745689
12 8 3 56088.537529800924
1 9 3 13538.612507193326
2 9 3 17406.787509248563
3 9 3 21274.962511303798
4 9 3 25143.137513359034
5 9 3 29011.312515414269
6 9 3 32879.487517469504
7 9 3 36747.66251952474
8 9 3 40615.837521579975
9 9 3 44484.012523635211
10 9 3 48352.187525690446
11 9 3 52220.362527745689
12 9 3 56088.537529800924
1 10 3 13538.612507193326
2 10 3 17406.787509248563
3 10 3 21274.962511303798
4 10 3 25143.137513359034
5 10 3 29011.312515414269
6 10 3 32879.487517469504
7 10 3 36747.66251952474
8 10 3 40615.837521579975
9 10 3 44484.012523635211
10 10 3 48352.187525690446
11 10 3 52220.362527745689
12 10 3 56088.537529800924
1 11 3 13538.612507193326
2 11 3 17406.787509248563
3 11 3 21274.962511303798
4 11 3 25143.137513359034
5 11 3 29011.312515414269
6 11 3 32879.487517469504
7 11 3 36747.66251952474
8 11 3 40615.837521579975
9 11 3 44484.012523635211
10 11 3 48352.187525690446
11 11 3 52220.362527745689
12 11 3 56088.537529800924
1 12 3 13538.612507193326
2 12 3 17406.787509248563
3 12 3 21274.962511303798
4 12 3 25143.137513359034
5 12 3 29011.312515414269
6 12 3 32879.487517469504
7 12 3 36747.66251952474
8 12 3 40615.837521579975
9 12 3 44484.012523635211
10 12 3 48352.187525690446
11 12 3 52220.362527745689
12 12 3 56088.537529800924
1 1 4 13538.612507193326
2 1 4 17406.787509248563
3 1 4 21274.962511303798
4 1 4 25143.137513359034
5 1 4 29011.312515414269
6 1 4 32879.487517469504
7 1 4 36747.66251952474
8 1 4 40615.837521579975
9 1 4 44484.012523635211
10 1 4 48352.187525690446
11 1 4 52220.362527745689
12 1 4 56088.537529800924
1 2 4 13538.612507193326
2 2 4 17406.787509248563
3 2 4 21274.962511303798
4 2 4 25143.137513359034
5 2 4 29011.312515414269
6 2 4 32879.487517469504
7 2 4 36747.66251952474
8 2 4 40615.837521579975
9 2 4 44484.012523635211
10 2 4 48352.187525690446
11 2 4 52220.362527745689
12 2 4 56088.537529800924
1 3 4 13538.612507193326
2 3 4 17406.787509248563
3 3 4 21274.962511303798
4 3 4 25143.137513359034
5 3 4 29011.312515414269
6 3 4 32879.487517469504
7 3 4 36747.66251952474
8 3 4 40615.837521579975
9 3 4 44484.012523635211
10 3 4 48352.187525690446
11 3 4 52220.362527745689
12 3 4 56088.537529800924
1 4 4 13538.612507193326
2 4 4 17406.787509248563
3 4 4 21274.962511303798
4 4 4 25143.137513359034
5 4 4 29011.312515414269
6 4 4 32879.487517469504
7 4 4 36747.66251952474
8 4 4 40615.837521579975
9 4 4 44484.012523635211
10 4 4 48352.187525690446
11 4 4 52220.362527745689
12 4 4 56088.537529800924
1 5 4 13538.612507193326
2 5 4 17406.787509248563
3 5 4 21274.962511303798
4 5 4 25143.137513359034
5 5 4 29011.312515414269
6 5 4 32879.487517469504
7 5 4 36747.66251952474
8 5 4 40615.837521579975
9 5 4 44484.012523635211
10 5 4 48352.187525690446
11 5 4 52220.362527745689
12 5 4 56088.537529800924
1 6 4 13538.612507193326
2 6 4 17406.787509248563
3 6 4 21274.962511303798
4 6 4 25143.137513359034
5 6 4 29011.312515414269
6 6 4 32879.487517469504
7 6 4 36747.66251952474
8 6 4 40615.837521579975
9 6 4 44484.012523635211
10 6 4 48352.187525690446
11 6 4 52220.362527745689
12 6 4 56088.537529800924
1 7 4 13538.612507193326
2 7 4 17406.787509248563
3 7 4 21274.962511303798
4 7 4 25143.137513359034
5 7 4 29011.312515414269
6 7 4 32879.487517469504
7 7 4 36747.66251952474
8 7 4 40615.837521579975
9 7 4 44484.012523635211
10 7 4 48352.187525690446
11 7 4 52220.362527745689
12 7 4 56088.537529800924
1 8 4 13538.612507193326
2 8 4 17406.787509248563
3 8 4 21274.962511303798
4 8 4 25143.137513359034
5 8 4 29011.312515414269
6 8 4 32879.487517469504
7 8 4 36747.66251952474
8 8 4 40615.837521579975
9 8 4 44484.012523635211
10 8 4 48352.187525690446
11 8 4 52220.362527745689
12 8 4 56088.537529800924
1 9 4 13538.612507193326
2 9 4 17406.787509248563
3 9 4 21274.962511303798
4 9 4 25143.137513359034
5 9 4 29011.312515414269
6 9 4 32879.487517469504
7 9 4 36747.66251952474
8 9 4 40615.837521579975
9 9 4 44484.012523635211
10 9 4 48352.187525690446
11 9 4 52220.362527745689
12 9 4 56088.537529800924
1 10 4 13538.612507193326
2 10 4 17406.787509248563
3 10 4 21274.962511303798
4 10 4 25143.137513359034
5 10 4 29011.312515414269
6 10 4 32879.487517469504
7 10 4 36747.66251952474
8 10 4 40615.837521579975
9 10 4 44484.012523635211
10 10 4 48352.187525690446
11 10 4 52220.362527745689
12 10 4 56088.537529800924
1 11 4 13538.612507193326
2 11 4 17406.787509248563
3 11 4 21274.962511303798
4 11 4 25143.137513359034
5 11 4 29011.312515414269
6 11 4 32879.487517469504
7 11 4 36747.66251952474
8 11 4 40615.837521579975
9 11 4 44484.012523635211
10 11 4 48352.187525690446
11 11 4 52220.362527745689
12 11 4 56088.537529800924
1 12 4 13538.612507193326
2 12 4 17406.787509248563
3 12 4 21274.962511303798
4 12 4 25143.137513359034
5 12 4 29011.312515414269
6 12 4 32879.487517469504
7 12 4 36747.66251952474
8 12 4 40615.837521579975
9 12 4 44484.012523635211
10 12 4 48352.187525690446
11 12 4 52220.362527745689
12 12 4 56088.537529800924
1 1 5 13538.612507193326
2 1 5 17406.787509248563
3 1 5 21274.962511303798
4 1 5 25143.137513359034
5 1 5 29011.312515414269
6 1 5 32879.487517469504
7 1 5 36747.66251952474
8 1 5 40615.837521579975
9 1 5 44484.012523635211
10 1 5 48352.187525690446
11 1 5 52220.362527745689
12 1 5 56088.537529800924
1 2 5 13538.612507193326
2 2 5 17406.787509248563
3 2 5 21274.962511303798
4 2 5 25143.137513359034
5 2 5 29011.312515414269
6 2 5 32879.487517469504
7 2 5 36747.66251952474
8 2 5 40615.837521579975
9 2 5 44484.012523635211
10 2 5 48352.187525690446
11 2 5 52220.362527745689
12 2 5 56088.537529800924
1 3 5 13538.612507193326
2 3 5 17406.787509248563
3 3 5 21274.962511303798
4 3 5 25143.137513359034
5 3 5 29011.312515414269
6 3 5 32879.487517469504
7 3 5 36747.66251952474
8 3 5 40615.837521579975
9 3 5 44484.012523635211
10 3 5 48352.187525690446
11 3 5 52220.362527745689
12 3 5 56088.537529800924
1 4 5 13538.612507193326
2 4 5 17406.787509248563
3 4 5 21274.962511303798
4 4 5 25143.137513359034
5 4 5 29011.312515414269
6 4 5 32879.487517469504
7 4 5 36747.66251952474
8 4 5 40615.837521579975
9 4 5 44484.012523635211
10 4 5 48352.187525690446
11 4 5 52220.362527745689
12 4 5 56088.537529800924
1 5 5 13538.612507193326
2 5 5 17406.787509248563
3 5 5 21274.962511303798
4 5 5 25143.137513359034
5 5 5 29011.312515414269
6 5 5 32879.487517469504
7 5 5 36747.66251952474
8 5 5 40615.837521579975
9 5 5 44484.012523635211
10 5 5 48352.187525690446
11 5 5 52220.362527745689
12 5 5 56088.537529800924
1 6 5 13538.612507193326
2 6 5 17406.787509248563
3 6 5 21274.962511303798
4 6 5 25143.137513359034
5 6 5 29011.312515414269
6 6 5 32879.487517469504
7 6 5 36747.66251952474
8 6 5 40615.837521579975
9 6 5 44484.012523635211
10 6 5 48352.187525690446
11 6 5 52220.362527745689
12 6 5 56088.537529800924
1 7 5 13538.612507193326
2 7 5 17406.787509248563
3 7 5 21274.962511303798
4 7 5 25143.137513359034
5 7 5 29011.312515414269
6 7 5 32879.487517469504
7 7 5 36747.66251952474
8 7 5 40615.837521579975
9 7 5 44484.012523635211
10 7 5 48352.187525690446
11 7 5 52220.362527745689
12 7 5 56088.537529800924
1 8 5 13538.612507193326
2 8 5 17406.787509248563
3 8 5 21274.962511303798
4 8 5 25143.137513359034
5 8 5 29011.312515414269
6 8 5 32879.487517469504
7 8 5 36747.66251952474
8 8 5 40615.837521579975
9 8 5 44484.012523635211
10 8 5 48352.187525690446
11 8 5 52220.362527745689
12 8 5 56088.537529800924
1 9 5 13538.612507193326
2 9 5 17406.787509248563
3 9 5 21274.962511303798
4 9 5 25143.137513359034
5 9 5 29011.312515414269
6 9 5 32879.487517469504
7 9 5 36747.66251952474
8 9 5 40615.837521579975
9 9 5 44484.012523635211
10 9 5 48352.187525690446
11 9 5 52220.362527745689
12 9 5 56088.537529800924
1 10 5 13538.612507193326
2 10 5 17406.787509248563
3 10 5 21274.962511303798
4 10 5 25143.137513359034
5 10 5 29011.312515414269
6 10 5 32879.487517469504
7 10 5 36747.66251952474
8 10 5 40615.837521579975
9 10 5 44484.012523635211
10 10 5 48352.187525690446
11 10 5 52220.362527745689
12 10 5 56088.537529800924
1 11 5 13538.612507193326
2 11 5 17406.787509248563
3 11 5 21274.962511303798
4 11 5 25143.137513359034
5 11 5 29011.312515414269
6 11 5 32879.487517469504
7 11 5 36747.66251952474
8 11 5 40615.837521579975
9 11 5 44484.012523635211
10 11 5 48352.187525690446
11 11 5 52220.362527745689
12 11 5 56088.537529800924
1 12 5 13538.612507193326
2 12 5 17406.787509248563
3 12 5 21274.962511303798
4 12 5 25143.137513359034
5 12 5 29011.312515414269
6 12 5 32879.487517469504
7 12 5 36747.66251952474
8 12 5 40615.837521579975
9 12 5 44484.012523635211
10 12 5 48352.187525690446
11 12 5 52220.362527745689
12 12 5 56088.537529800924
1 1 6 13538.612507193326
2 1 6 17406.787509248563
3 1 6 21274.962511303798
4 1 6 25143.137513359034
5 1 6 29011.312515414269
6 1 6 32879.487517469504
7 1 6 36747.66251952474
8 1 6 40615.837521579975
9 1 6 44484.012523635211
10 1 6 48352.187525690446
11 1 6 52220.362527745689
12 1 6 56088.537529800924
1 2 6 13538.612507193326
2 2 6 17406.787509248563
3 2 6 21274.962511303798
4 2 6 25143.137513359034
5 2 6 29011.312515414269
6 2 6 32879.487517469504
7 2 6 36747.66251952474
8 2 6 40615.837521579975
9 2 6 44484.012523635211
10 2 6 48352.187525690446
11 2 6 52220.362527745689
12 2 6 56088.537529800924
1 3 6 13538.612507193326
2 3 6 17406.787509248563
3 3 6 21274.962511303798
4 3 6 25143.137513359034
5 3 6 29011.312515414269
6 3 6 32879.487517469504
7 3 6 36747.66251952474
8 3 6 40615.837521579975
9 3 6 44484.012523635211
10 3 6 48352.187525690446
11 3 6 52220.362527745689
12 3 6 56088.537529800924
1 4 6 13538.612507193326
2 4 6 17406.787509248563
3 4 6 21274.962511303798
4 4 6 25143.137513359034
5 4 6 29011.312515414269
6 4 6 32879.487517469504
7 4 6 36747.66251952474
8 4 6 40615.837521579975
9 4 6 44484.012523635211
10 4 6 48352.187525690446
11 4 6 52220.362527745689
12 4 6 56088.537529800924
1 5 6 13538.612507193326
2 5 6 17406.787509248563
3 5 6 21274.962511303798
4 5 6 25143.137513359034
5 5 6 29011.312515414269
6 5 6 32879.487517469504
7 5 6 36747.66251952474
8 5 6 40615.837521579975
9 5 6 44484.012523635211
10 5 6 48352.187525690446
11 5 6 52220.362527745689
12 5 6 56088.537529800924
1 6 6 13538.612507193326
2 6 6 17406.787509248563
3 6 6 21274.962511303798
4 6 6 25143.137513359034
5 6 6 29011.312515414269
6 6 6 32879.487517469504
7 6 6 36747.66251952474
8 6 6 40615.837521579975
9 6 6 44484.012523635211
10 6 6 48352.187525690446
11 6 6 52220.362527745689
12 6 6 56088.537529800924
1 7 6 13538.612507193326
2 7 6 17406.787509248563
3 7 6 21274.962511303798
4 7 6 25143.137513359034
5 7 6 29011.312515414269
6 7 6 32879.487517469504
7 7 6 36747.66251952474
8 7 6 40615.837521579975
9 7 6 44484.012523635211
10 7 6 48352.187525690446
11 7 6 52220.362527745689
12 7 6 56088.537529800924
1 8 6 13538.612507193326
2 8 6 17406.787509248563
3 8 6 21274.962511303798
4 8 6 25143.137513359034
5 8 6 29011.312515414269
6 8 6 32879.487517469504
7 8 6 36747.66251952474
8 8 6 40615.837521579975
9 8 6 44484.012523635211
10 8 6 48352.187525690446
11 8 6 52220.362527745689
12 8 6 56088.537529800924
1 9 6 13538.612507193326
2 9 6 17406.787509248563
3 9 6 21274.962511303798
4 9 6 25143.137513359034
5 9 6 29011.312515414269
6 9 6 32879.487517469504
7 9 6 36747.66251952474
8 9 6 40615.837521579975
9 9 6 44484.012523635211
10 9 6 48352.187525690446
11 9 6 52220.362527745689
12 9 6 56088.537529800924
1 10 6 13538.612507193326
2 10 6 17406.787509248563
3 10 6 21274.962511303798
4 10 6 25143.137513359034
5 10 6 29011.312515414269
6 10 6 32879.487517469504
7 10 6 36747.66251952474
8 10 6 40615.837521579975
9 10 6 44484.012523635211
10 10 6 48352.187525690446
11 10 6 52220.362527745689
12 10 6 56088.537529800924
1 11 6 13538.612507193326
2 11 6 17406.787509248563
3 11 6 21274.962511303798
4 11 6 25143.137513359034
5 11 6 29011.312515414269
6 11 6 32879.487517469504
7 11 6 36747.66251952474
8 11 6 40615.837521579975
9 11 6 44484.012523635211
10 11 6 48352.187525690446
11 11 6 52220.362527745689
12 11 6 56088.537529800924
1 12 6 13538.612507193326
2 12 6 17406.787509248563
3 12 6 21274.962511303798
4 12 6 25143.137513359034
5 12 6 29011.312515414269
6 12 6 32879.487517469504
7 12 6 36747.66251952474
8 12 6 40615.837521579975
9 12 6 44484.012523635211
10 12 6 48352.187525690446
11 12 6 52220.362527745689
12 12 6 56088.537529800924
1 1 7 13538.612507193326
2 1 7 17406.787509248563
3 1 7 21274.962511303798
4 1 7 25143.137513359034
5 1 7 29011.312515414269
6 1 7 32879.487517469504
7 1 7 36747.66251952474
8 1 7 40615.837521579975
9 1 7 44484.012523635211
10 1 7 48352.187525690446
11 1 7 52220.362527745689
12 1 7 56088.537529800924
1 2 7 13538.612507193326
2 2 7 17406.787509248563
3 2 7 21274.962511303798
4 2 7 25143.137513359034
5 2 7 29011.312515414269
6 2 7 32879.487517469504
7 2 7 36747.66251952474
8 2 7 40615.837521579975
9 2 7 44484.012523635211
10 2 7 48352.187525690446
11 2 7 52220.362527745689
12 2 7 56088.537529800924
1 3 7 13538.612507193326
2 3 7 17406.787509248563
3 3 7 21274.962511303798
4 3 7 25143.137513359034
5 3 7 29011.312515414269
6 3 7 32879.487517469504
7 3 7 36747.66251952474
8 3 7 40615.837521579975
9 3 7 44484.012523635211
10 3 7 48352.187525690446
11 3 7 52220.362527745689
12 3 7 56088.537529800924
1 4 7 13538.612507193326
2 4 7 17406.787509248563
3 4 7 21274.962511303798
4 4 7 25143.137513359034
5 4 7 29011.312515414269
6 4 7 32879.487517469504
7 4 7 36747.66251952474
8 4 7 40615.837521579975
9 4 7 44484.012523635211
10 4 7 48352.187525690446
11 4 7 52220.362527745689
12 4 7 56088.537529800924
1 5 7 13538.612507193326
2 5 7 17406.787509248563
3 5 7 21274.962511303798
4 5 7 25143.137513359034
5 5 7 29011.312515414269
6 5 7 32879.487517469504
7 5 7 36747.66251952474
8 5 7 40615.837521579975
9 5 7 44484.012523635211
10 5 7 48352.187525690446
11 5 7 52220.362527745689
12 5 7 56088.537529800924
1 6 7 13538.612507193326
2 6 7 17406.787509248563
3 6 7 21274.962511303798
4 6 7 25143.137513359034
5 6 7 29011.312515414269
6 6 7 32879.487517469504
7 6 7 36747.66251952474
8 6 7 40615.837521579975
9 6 7 44484.012523635211
10 6 7 48352.187525690446
11 6 7 52220.362527745689
12 6 7 56088.537529800924
1 7 7 13538.612507193326
2 7 7 17406.787509248563
3 7 7 21274.962511303798
4 7 7 25143.137513359034
5 7 7 29011.312515414269
6 7 7 32879.487517469504
7 7 7 36747.66251952474
8 7 7 40615.837521579975
9 7 7 44484.012523635211
10 7 7 48352.187525690446
11 7 7 52220.362527745689
12 7 7 56088.537529800924
1 8 7 13538.612507193326
2 8 7 17406.787509248563
3 8 7 21274.962511303798
4 8 7 25143.137513359034
5 8 7 29011.312515414269
6 8 7 32879.487517469504
7 8 7 36747.66251952474
8 8 7 40615.837521579975
9 8 7 44484.012523635211
10 8 7 48352.187525690446
11 8 7 52220.362527745689
12 8 7 56088.537529800924
1 9 7 13538.612507193326
2 9 7 17406.787509248563
3 9 7 21274.962511303798
4 9 7 25143.137513359034
5 9 7 29011.312515414269
6 9 7 32879.487517469504
7 9 7 36747.66251952474
8 9 7 40615.837521579975
9 9 7 44484.012523635211
10 9 7 48352.187525690446
11 9 7 52220.362527745689
12 9 7 56088.537529800924
1 10 7 13538.612507193326
2 10 7 17406.787509248563
3 10 7 21274.962511303798
4 10 7 25143.137513359034
5 10 7 29011.312515414269
6 10 7 32879.487517469504
7 10 7 36747.66251952474
8 10 7 40615.837521579975
9 10 7 44484.012523635211
10 10 7 48352.187525690446
11 10 7 52220.362527745689
12 10 7 56088.537529800924
1 11 7 13538.612507193326
2 11 7 17406.787509248563
3 11 7 21274.962511303798
4 11 7 25143.137513359034
5 11 7 29011.312515414269
6 11 7 32879.487517469504
7 11 7 36747.66251952474
8 11 7 40615.837521579975
9 11 7 44484.012523635211
10 11 7 48352.187525690446
11 11 7 52220.362527745689
12 11 7 56088.537529800924
1 12 7 13538.612507193326
2 12 7 17406.787509248563
3 12 7 21274.962511303798
4 12 7 25143.137513359034
5 12 7 29011.312515414269
6 12 7 32879.487517469504
7 12 7 36747.66251952474
8 12 7 40615.837521579975
9 12 7 44484.012523635211
10 12 7 48352.187525690446
11 12 7 52220.362527745689
12 12 7 56088.537529800924
1 1 8 13538.612507193326
2 1 8 17406.787509248563
3 1 8 21274.962511303798
4 1 8 25143.137513359034
5 1 8 29011.312515414269
6 1 8 32879.487517469504
7 1 8 36747.66251952474
8 1 8 40615.837521579975
9 1 8 44484.012523635211
10 1 8 48352.187525690446
11 1 8 52220.362527745689
12 1 8 56088.537529800924
1 2 8 13538.612507193326
2 2 8 17406.787509248563
3 2 8 21274.962511303798
4 2 8 25143.137513359034
5 2 8 29011.312515414269
6 2 8 32879.487517469504
7 2 8 36747.66251952474
8 2 8 40615.837521579975
9 2 8 44484.012523635211
10 2 8 48352.187525690446
11 2 8 52220.362527745689
12 2 8 56088.537529800924
1 3 8 13538.612507193326
2 3 8 17406.787509248563
3 3 8 21274.962511303798
4 3 8 25143.137513359034
5 3 8 29011.312515414269
6 3 8 32879.487517469504
7 3 8 36747.66251952474
8 3 8 40615.837521579975
9 3 8 44484.012523635211
10 3 8 48352.187525690446
11 3 8 52220.362527745689
12 3 8 56088.537529800924
1 4 8 13538.612507193326
2 4 8 17406.787509248563
3 4 8 21274.962511303798
4 4 8 25143.137513359034
5 4 8 29011.312515414269
6 4 8 32879.487517469504
7 4 8 36747.66251952474
8 4 8 40615.837521579975
9 4 8 44484.012523635211
10 4 8 48352.187525690446
11 4 8 52220.362527745689
12 4 8 56088.537529800924
1 5 8 13538.612507193326
2 5 8 17406.787509248563
3 5 8 21274.962511303798
4 5 8 25143.137513359034
5 5 8 29011.312515414269
6 5 8 32879.487517469504
7 5 8 36747.66251952474
8 5 8 40615.837521579975
9 5 8 44484.012523635211
10 5 8 48352.187525690446
11 5 8 52220.362527745689
12 5 8 56088.537529800924
1 6 8 13538.612507193326
2 6 8 17406.787509248563
3 6 8 21274.962511303798
4 6 8 25143.137513359034
5 6 8 29011.312515414269
6 6 8 32879.487517469504
7 6 8 36747.66251952474
8 6 8 40615.837521579975
9 6 8 44484.012523635211
10 6 8 48352.187525690446
11 6 8 52220.362527745689
12 6 8 56088.537529800924
1 7 8 13538.612507193326
2 7 8 17406.787509248563
3 7 8 21274.962511303798
4 7 8 25143.137513359034
5 7 8 29011.312515414269
6 7 8 32879.487517469504
7 7 8 36747.66251952474
8 7 8 40615.837521579975
9 7 8 44484.012523635211
10 7 8 48352.187525690446
11 7 8 52220.362527745689
12 7 8 56088.537529800924
1 8 8 13538.612507193326
2 8 8 17406.787509248563
3 8 8 21274.962511303798
4 8 8 25143.137513359034
5 8 8 29011.312515414269
6 8 8 32879.487517469504
7 8 8 36747.66251952474
8 8 8 40615.837521579975
9 8 8 44484.012523635211
10 8 8 48352.187525690446
11 8 8 52220.362527745689
12 8 8 56088.537529800924
1 9 8 13538.612507193326
2 9 8 17406.787509248563
3 9 8 21274.962511303798
4 9 8 25143.137513359034
5 9 8 29011.312515414269
6 9 8 32879.487517469504
7 9 8 36747.66251952474
8 9 8 40615.837521579975
9 9 8 44484.012523635211
10 9 8 48352.187525690446
11 9 8 52220.362527745689
12 9 8 56088.537529800924
1 10 8 13538.612507193326
2 10 8 17406.787509248563
3 10 8 21274.962511303798
4 10 8 25143.137513359034
5 10 8 29011.312515414269
6 10 8 32879.487517469504
7 10 8 36747.66251952474
8 10 8 40615.837521579975
9 10 8 44484.012523635211
10 10 8 48352.187525690446
11 10 8 52220.362527745689
12 10 8 56088.537529800924
1 11 8 13538.612507193326
2 11 8 17406.787509248563
3 11 8 21274.962511303798
4 11 8 25143.137513359034
5 11 8 29011.312515414269
6 11 8 32879.487517469504
7 11 8 36747.66251952474
8 11 8 40615.837521579975
9 11 8 44484.012523635211
10 11 8 48352.187525690446
11 11 8 52220.362527745689
12 11 8 56088.537529800924
1 12 8 13538.612507193326
2 12 8 17406.787509248563
3 12 8 21274.962511303798
4 12 8 25143.137513359034
5 12 8 29011.312515414269
6 12 8 32879.487517469504
7 12 8 36747.66251952474
8 12 8 40615.837521579975
9 12 8 44484.012523635211
10 12 8 48352.187525690446
11 12 8 52220.362527745689
12 12 8 56088.537529800924
1 1 9 13538.612507193326
2 1 9 17406.787509248563
3 1 9 21274.962511303798
4 1 9 25143.137513359034
5 1 9 29011.312515414269
6 1 9 32879.487517469504
7 1 9 36747.66251952474
8 1 9 40615.837521579975
9 1 9 44484.012523635211
10 1 9 48352.187525690446
11 1 9 52220.362527745689
12 1 9 56088.537529800924
1 2 9 13538.612507193326
2 2 9 17406.787509248563
3 2 9 21274.962511303798
4 2 9 25143.137513359034
5 2 9 29011.312515414269
6 2 9 32879.487517469504
7 2 9 36747.66251952474
8 2 9 40615.837521579975
9 2 9 44484.012523635211
10 2 9 48352.187525690446
11 2 9 52220.362527745689
12 2 9 56088.537529800924
1 3 9 13538.612507193326
2 3 9 17406.787509248563
3 3 9 21274.962511303798
4 3 9 25143.137513359034
5 3 9 29011.312515414269
6 3 9 32879.487517469504
7 3 9 36747.66251952474
8 3 9 40615.837521579975
9 3 9 44484.012523635211
10 3 9 48352.187525690446
11 3 9 52220.362527745689
12 3 9 56088.537529800924
1 4 9 13538.612507193326
2 4 9 17406.787509248563
3 4 9 21274.962511303798
4 4 9 25143.137513359034
5 4 9 29011.312515414269
6 4 9 32879.487517469504
7 4 9 36747.66251952474
8 4 9 40615.837521579975
9 4 9 44484.012523635211
10 4 9 48352.187525690446
11 4 9 52220.362527745689
12 4 9 56088.537529800924
1 5 9 13538.612507193326
2 5 9 17406.787509248563
3 5 9 21274.962511303798
4 5 9 25143.137513359034
5 5 9 29011.312515414269
6 5 9 32879.487517469504
7 5 9 36747.66251952474
8 5 9 40615.837521579975
9 5 9 44484.012523635211
10 5 9 48352.187525690446
11 5 9 52220.362527745689
12 5 9 56088.537529800924
1 6 9 13538.612507193326
2 6 9 17406.787509248563
3 6 9 21274.962511303798
4 6 9 25143.137513359034
5 6 9 29011.312515414269
6 6 9 32879.487517469504
7 6 9 36747.66251952474
8 6 9 40615.837521579975
9 6 9 44484.012523635211
10 6 9 48352.187525690446
11 6 9 52220.362527745689
12 6 9 56088.537529800924
1 7 9 13538.612507193326
2 7 9 17406.787509248563
3 7 9 21274.962511303798
4 7 9 25143.137513359034
5 7 9 29011.312515414269
6 7 9 32879.487517469504
7 7 9 36747.66251952474
8 7 9 40615.837521579975
9 7 9 44484.012523635211
10 7 9 48352.187525690446
11 7 9 52220.362527745689
12 7 9 56088.537529800924
1 8 9 13538.612507193326
2 8 9 17406.787509248563
3 8 9 21274.962511303798
4 8 9 25143.137513359034
5 8 9 29011.312515414269
6 8 9 32879.487517469504
7 8 9 36747.66251952474
8 8 9 40615.837521579975
9 8 9 44484.012523635211
10 8 9 48352.187525690446
11 8 9 52220.362527745689
12 8 9 56088.537529800924
1 9 9 13538.612507193326
2 9 9 17406.787509248563
3 9 9 21274.962511303798
4 9 9 25143.137513359034
5 9 9 29011.312515414269
6 9 9 32879.487517469504
7 9 9 36747.66251952474
8 9 9 40615.837521579975
9 9 9 44484.012523635211
10 9 9 48352.187525690446
11 9 9 52220.362527745689
12 9 9 56088.537529800924
1 10 9 13538.612507193326
2 10 9 17406.787509248563
3 10 9 21274.962511303798
4 10 9 25143.137513359034
5 10 9 29011.312515414269
6 10 9 32879.487517469504
7 10 9 36747.66251952474
8 10 9 40615.837521579975
9 10 9 44484.012523635211
10 10 9 48352.187525690446
11 10 9 52220.362527745689
12 10 9 56088.537529800924
1 11 9 13538.612507193326
2 11 9 17406.787509248563
3 11 9 21274.962511303798
4 11 9 25143.137513359034
5 11 9 29011.312515414269
6 11 9 32879.487517469504
7 11 9 36747.66251952474
8 11 9 40615.837521579975
9 11 9 44484.012523635211
10 11 9 48352.187525690446
11 11 9 52220.362527745689
12 11 9 56088.537529800924
1 12 9 13538.612507193326
2 12 9 17406.787509248563
3 12 9 21274.962511303798
4 12 9 25143.137513359034
5 12 9 29011.312515414269
6 12 9 32879.487517469504
7 12 9 36747.66251952474
8 12 9 40615.837521579975
9 12 9 44484.012523635211
10 12 9 48352.187525690446
11 12 9 52220.362527745689
12 12 9 56088.537529800924
1 1 10 13538.612507193326
2 1 10 17406.787509248563
3 1 10 21274.962511303798
4 1 10 25143.137513359034
5 1 10 29011.312515414269
6 1 10 32879.487517469504
7 1 10 36747.66251952474
8 1 10 40615.837521579975
9 1 10 44484.012523635211
10 1 10 48352.187525690446
11 1 10 52220.362527745689
12 1 10 56088.537529800924
1 2 10 13538.612507193326
2 2 10 17406.787509248563
3 2 10 21274.962511303798
4 2 10 25143.137513359034
5 2 10 29011.312515414269
6 2 10 32879.487517469504
7 2 10 36747.66251952474
8 2 10 40615.837521579975
9 2 10 44484.012523635211
10 2 10 48352.187525690446
11 2 10 52220.362527745689
12 2 10 56088.537529800924
1 3 10 13538.612507193326
2 3 10 17406.787509248563
3 3 10 21274.962511303798
4 3 10 25143.137513359034
5 3 10 29011.312515414269
6 3 10 32879.487517469504
7 3 10 36747.66251952474
8 3 10 40615.837521579975
9 3 10 44484.012523635211
10 3 10 48352.187525690446
11 3 10 52220.362527745689
12 3 10 56088.537529800924
1 4 10 13538.612507193326
2 4 10 17406.787509248563
3 4 10 21274.962511303798
4 4 10 25143.137513359034
5 4 10 29011.312515414269
6 4 10 32879.487517469504
7 4 10 36747.66251952474
8 4 10 40615.837521579975
9 4 10 44484.012523635211
10 4 10 48352.187525690446
11 4 10 52220.362527745689
12 4 10 56088.537529800924
1 5 10 13538.612507193326
2 5 10 17406.787509248563
3 5 10 21274.962511303798
4 5 10 25143.137513359034
5 5 10 29011.312515414269
6 5 10 32879.487517469504
7 5 10 36747.66251952474
8 5 10 40615.837521579975
9 5 10 44484.012523635211
10 5 10 48352.187525690446
11 5 10 52220.362527745689
12 5 10 56088.537529800924
1 6 10 13538.612507193326
2 6 10 17406.787509248563
3 6 10 21274.962511303798
4 6 10 25143.137513359034
5 6 10 29011.312515414269
6 6 10 32879.487517469504
7 6 10 36747.66251952474
8 6 10 40615.837521579975
9 6 10 44484.012523635211
10 6 10 48352.187525690446
11 6 10 52220.362527745689
12 6 10 56088.537529800924
1 7 10 13538.612507193326
2 7 10 17406.787509248563
3 7 10 21274.962511303798
4 7 10 25143.137513359034
5 7 10 29011.312515414269
6 7 10 32879.487517469504
7 7 10 36747.66251952474
8 7 10 40615.837521579975
9 7 10 44484.012523635211
10 7 10 48352.187525690446
11 7 10 52220.362527745689
12 7 10 56088.537529800924
1 8 10 13538.612507193326
2 8 10 17406.787509248563
3 8 10 21274.962511303798
4 8 10 25143.137513359034
5 8 10 29011.312515414269
6 8 10 32879.487517469504
7 8 10 36747.66251952474
8 8 10 40615.837521579975
9 8 10 44484.012523635211
10 8 10 48352.187525690446
11 8 10 52220.362527745689
12 8 10 56088.537529800924
1 9 10 13538.612507193326
2 9 10 17406.787509248563
3 9 10 21274.962511303798
4 9 10 25143.137513359034
5 9 10 29011.312515414269
6 9 10 32879.487517469504
7 9 10 36747.66251952474
8 9 10 40615.837521579975
9 9 10 44484.012523635211
10 9 10 48352.187525690446
11 9 10 52220.362527745689
12 9 10 56088.537529800924
1 10 10 13538.612507193326
2 10 10 17406.787509248563
3 10 10 21274.962511303798
4 10 10 25143.137513359034
5 10 10 29011.312515414269
6 10 10 32879.487517469504
7 10 10 36747.66251952474
8 10 10 40615.837521579975
9 10 10 44484.012523635211
10 10 10 48352.187525690446
11 10 10 52220.362527745689
12 10 10 56088.537529800924
1 11 10 13538.612507193326
2 11 10 17406.787509248563
3 11 10 21274.962511303798
4 11 10 25143.137513359034
5 11 10 29011.312515414269
6 11 10 32879.487517469504
7 11 10 36747.66251952474
8 11 10 40615.837521579975
9 11 10 44484.012523635211
10 11 10 48352.187525690446
11 11 10 52220.362527745689
12 11 10 56088.537529800924
1 12 10 13538.612507193326
2 12 10 17406.787509248563
3 12 10 21274.962511303798
4 12 10 25143.137513359034
5 12 10 29011.312515414269
6 12 10 32879.487517469504
7 12 10 36747.66251952474
8 12 10 40615.837521579975
9 12 10 44484.012523635211
10 12 10 48352.187525690446
11 12 10 52220.362527745689
12 12 10 56088.537529800924
1 1 11 13538.612507193326
2 1 11 17406.787509248563
3 1 11 21274.962511303798
4 1 11 25143.137513359034
5 1 11 29011.312515414269
6 1 11 32879.487517469504
7 1 11 36747.66251952474
8 1 11 40615.837521579975
9 1 11 44484.012523635211
10 1 11 48352.187525690446
11 1 11 52220.362527745689
12 1 11 56088.537529800924
1 2 11 13538.612507193326
2 2 11 17406.787509248563
3 2 11 21274.962511303798
4 2 11 25143.137513359034
5 2 11 29011.312515414269
6 2 11 32879.487517469504
7 2 11 36747.66251952474
8 2 11 40615.837521579975
9 2 11 44484.012523635211
10 2 11 48352.187525690446
11 2 11 52220.362527745689
12 2 11 56088.537529800924
1 3 11 13538.612507193326
2 3 11 17406.787509248563
3 3 11 21274.962511303798
4 3 11 25143.137513359034
5 3 11 29011.312515414269
6 3 11 32879.487517469504
7 3 11 36747.66251952474
8 3 11 40615.837521579975
9 3 11 44484.012523635211
10 3 11 48352.187525690446
11 3 11 52220.362527745689
12 3 11 56088.537529800924
1 4 11 13538.612507193326
2 4 11 17406.787509248563
3 4 11 21274.962511303798
4 4 11 25143.137513359034
5 4 11 29011.312515414269
6 4 11 32879.487517469504
7 4 11 36747.66251952474
8 4 11 40615.837521579975
9 4 11 44484.012523635211
10 4 11 48352.187525690446
11 4 11 52220.362527745689
12 4 11 56088.537529800924
1 5 11 13538.612507193326
2 5 11 17406.787509248563
3 5 11 21274.962511303798
4 5 11 25143.137513359034
5 5 11 29011.312515414269
6 5 11 32879.487517469504
7 5 11 36747.66251952474
8 5 11 40615.837521579975
9 5 11 44484.012523635211
10 5 11 48352.187525690446
11 5 11 52220.362527745689
12 5 11 56088.537529800924
1 6 11 13538.612507193326
2 6 11 17406.787509248563
3 6 11 21274.962511303798
4 6 11 25143.137513359034
5 6 11 29011.312515414269
6 6 11 32879.487517469504
7 6 11 36747.66251952474
8 6 11 40615.837521579975
9 6 11 44484.012523635211
10 6 11 48352.187525690446
11 6 11 52220.362527745689
12 6 11 56088.537529800924
1 7 11 13538.612507193326
2 7 11 17406.787509248563
3 7 11 21274.962511303798
4 7 11 25143.137513359034
5 7 11 29011.312515414269
6 7 11 32879.487517469504
7 7 11 36747.66251952474
8 7 11 40615.837521579975
9 7 11 44484.012523635211
10 7 11 48352.187525690446
11 7 11 52220.362527745689
12 7 11 56088.537529800924
1 8 11 13538.612507193326
2 8 11 17406.787509248563
3 8 11 21274.962511303798
4 8 11 25143.137513359034
5 8 11 29011.312515414269
6 8 11 32879.487517469504
7 8 11 36747.66251952474
8 8 11 40615.837521579975
9 8 11 44484.012523635211
10 8 11 48352.187525690446
11 8 11 52220.362527745689
12 8 11 56088.537529800924
1 9 11 13538.612507193326
2 9 11 17406.787509248563
3 9 11 21274.962511303798
4 9 11 25143.137513359034
5 9 11 29011.312515414269
6 9 11 32879.487517469504
7 9 11 36747.66251952474
8 9 11 40615.837521579975
9 9 11 44484.012523635211
10 9 11 48352.187525690446
11 9 11 52220.362527745689
12 9 11 56088.537529800924
1 10 11 13538.612507193326
2 10 11 17406.787509248563
3 10 11 21274.962511303798
4 10 11 25143.137513359034
5 10 11 29011.312515414269
6 10 11 32879.487517469504
7 10 11 36747.66251952474
8 10 11 40615.837521579975
9 10 11 44484.012523635211
10 10 11 48352.187525690446
11 10 11 52220.362527745689
12 10 11 56088.537529800924
1 11 11 13538.612507193326
2 11 11 17406.787509248563
3 11 11 21274.962511303798
4 11 11 25143.137513359034
5 11 11 29011.312515414269
6 11 11 32879.487517469504
7 11 11 36747.66251952474
8 11 11 40615.837521579975
9 11 11 44484.012523635211
10 11 11 48352.187525690446
11 11 11 52220.362527745689
12 11 11 56088.537529800924
1 12 11 13538.612507193326
2 12 11 17406.787509248563
3 12 11 21274.962511303798
4 12 11 25143.137513359034
5 12 11 29011.312515414269
6 12 11 32879.487517469504
7 12 11 36747.66251952474
8 12 11 40615.837521579975
9 12 11 44484.012523635211
10 12 11 48352.187525690446
11 12 11 52220.362527745689
12 12 11 56088.537529800924
1 1 12 13538.612507193326
2 1 12 17406.787509248563
3 1 12 21274.962511303798
4 1 12 25143.137513359034
5 1 12 29011.312515414269
6 1 12 32879.487517469504
7 1 12 36747.66251952474
8 1 12 40615.837521579975
9 1 12 44484.012523635211
10 1 12 48352.187525690446
11 1 12 52220.362527745689
12 1 12 56088.537529800924
1 2 12 13538.612507193326
2 2 12 17406.787509248563
3 2 12 21274.962511303798
4 2 12 25143.137513359034
5 2 12 29011.312515414269
6 2 12 32879.487517469504
7 2 12 36747.66251952474
8 2 12 40615.837521579975
9 2 12 44484.012523635211
10 2 12 48352.187525690446
11 2 12 52220.362527745689
12 2 12 56088.537529800924
1 3 12 13538.612507193326
2 3 12 17406.787509248563
3 3 12 21274.962511303798
4 3 12 25143.137513359034
5 3 12 29011.312515414269
6 3 12 32879.487517469504
7 3 12 36747.66251952474
8 3 12 40615.837521579975
9 3 12 44484.012523635211
10 3 12 48352.187525690446
11 3 12 52220.362527745689
12 3 12 56088.537529800924
1 4 12 13538.612507193326
2 4 12 17406.787509248563
3 4 12 21274.962511303798
4 4 12 25143.137513359034
5 4 12 29011.312515414269
6 4 12 32879.487517469504
7 4 12 36747.66251952474
8 4 12 40615.837521579975
9 4 12 44484.012523635211
10 4 12 48352.187525690446
11 4 12 52220.362527745689
12 4 12 56088.537529800924
1 5 12 13538.612507193326
2 5 12 17406.787509248563
3 5 12 21274.962511303798
4 5 12 25143.137513359034
5 5 12 29011.312515414269
6 5 12 32879.487517469504
7 5 12 36747.66251952474
8 5 12 40615.837521579975
9 5 12 44484.012523635211
10 5 12 48352.187525690446
11 5 12 52220.362527745689
12 5 12 56088.537529800924
1 6 12 13538.612507193326
2 6 12 17406.787509248563
3 6 12 21274.962511303798
4 6 12 25143.137513359034
5 6 12 29011.312515414269
6 6 12 32879.487517469504
7 6 12 36747.66251952474
8 6 12 40615.837521579975
9 6 12 44484.012523635211
10 6 12 48352.187525690446
11 6 12 52220.362527745689
12 6 12 56088.537529800924
1 7 12 13538.612507193326
2 7 12 17406.787509248563
3 7 12 21274.962511303798
4 7 12 25143.137513359034
5 7 12 29011.312515414269
6 7 12 32879.487517469504
7 7 12 36747.66251952474
8 7 12 40615.837521579975
9 7 12 44484.012523635211
10 7 12 48352.187525690446
11 7 12 52220.362527745689
12 7 12 56088.537529800924
1 8 12 13538.612507193326
2 8 12 17406.787509248563
3 8 12 21274.962511303798
4 8 12 25143.137513359034
5 8 12 29011.312515414269
6 8 12 32879.487517469504
7 8 12 36747.66251952474
8 8 12 40615.837521579975
9 8 12 44484.012523635211
10 8 12 48352.187525690446
11 8 12 52220.362527745689
12 8 12 56088.537529800924
1 9 12 13538.612507193326
2 9 12 17406.787509248563
3 9 12 21274.962511303798
4 9 12 25143.137513359034
5 9 12 29011.312515414269
6 9 12 32879.487517469504
7 9 12 36747.66251952474
8 9 12 40615.837521579975
9 9 12 44484.012523635211
10 9 12 48352.187525690446
11 9 12 52220.362527745689
12 9 12 56088.537529800924
1 10 12 13538.612507193326
2 10 12 17406.787509248563
3 10 12 21274.962511303798
4 10 12 25143.137513359034
5 10 12 29011.312515414269
6 10 12 32879.487517469504
7 10 12 36747.66251952474
8 10 12 40615.837521579975
9 10 12 44484.012523635211
10 10 12 48352.187525690446
11 10 12 52220.362527745689
12 10 12 56088.537529800924
1 11 12 13538.612507193326
2 11 12 17406.787509248563
3 11 12 21274.962511303798
4 11 12 25143.137513359034
5 11 12 29011.312515414269
6 11 12 32879.487517469504
7 11 12 36747.66251952474
8 11 12 40615.837521579975
9 11 12 44484.012523635211
10 11 12 48352.187525690446
11 11 12 52220.362527745689
12 11 12 56088.537529800924
1 12 12 13538.612507193326
2 12 12 17406.787509248563
3 12 12 21274.962511303798
4 12 12 25143.137513359034
5 12 12 29011.312515414269
6 12 12 32879.487517469504
7 12 12 36747.66251952474
8 12 12 40615.837521579975
9 12 12 44484.012523635211
10 12 12 48352.187525690446
11 12 12 52220.362527745689
12 12 12 56088.537529800924
