# UNITS: metal COMMENT: Te(x)=K*(1+x/a) at subcell centers, subdiv 2
1 1 1 14505.656257707135
2 1 1 20307.918760789988
3 1 1 26110.181263872844
4 1 1 31912.443766955701
5 1 1 37714.706270038558
6 1 1 43516.968773121407
7 1 1 49319.231276204257
8 1 1 55121.493779287113
1 2 1 14505.656257707135
2 2 1 20307.918760789988
3 2 1 26110.181263872844
4 2 1 31912.443766955701
5 2 1 37714.706270038558
6 2 1 43516.968773121407
7 2 1 49319.231276204257
8 2 1 55121.493779287113
1 3 1 14505.656257707135
2 3 1 20307.918760789988
3 3 1 26110.181263872844
4 3 1 31912.443766955701
5 3 1 37714.706270038558
6 3 1 43516.968773121407
7 3 1 49319.231276204257
8 3 1 55121.493779287113
1 4 1 14505.656257707135
2 4 1 20307.918760789988
3 4 1 26110.181263872844
4 4 1 31912.443766955701
5 4 1 37714.706270038558
6 4 1 43516.968773121407
7 4 1 49319.231276204257
8 4 1 55121.493779287113
1 5 1 14505.656257707135
2 5 1 20307.918760789988
3 5 1 26110.181263872844
4 5 1 31912.443766955701
5 5 1 37714.706270038558
6 5 1 43516.968773121407
7 5 1 49319.231276204257
8 5 1 55121.493779287113
1 6 1 14505.656257707135
2 6 1 20307.918760789988
3 6 1 26110.181263872844
4 6 1 31912.443766955701
5 6 1 37714.706270038558
6 6 1 43516.968773121407
7 6 1 49319.231276204257
8 6 1 55121.493779287113
1 7 1 14505.656257707135
2 7 1 20307.918760789988
3 7 1 26110.181263872844
4 7 1 31912.443766955701
5 7 1 37714.706270038558
6 7 1 43516.968773121407
7 7 1 49319.231276204257
8 7 1 55121.493779287113
1 8 1 14505.656257707135
2 8 1 20307.918760789988
3 8 1 26110.181263872844
4 8 1 31912.443766955701
5 8 1 37714.706270038558
6 8 1 43516.968773121407
7 8 1 49319.231276204257
8 8 1 55121.493779287113
1 1 2 14505.656257707135
2 1 2 20307.918760789988
3 1 2 26110.181263872844
4 1 2 31912.443766955701
5 1 2 37714.706270038558
6 1 2 43516.968773121407
7 1 2 49319.231276204257
8 1 2 55121.493779287113
1 2 2 14505.656257707135
2 2 2 20307.918760789988
3 2 2 26110.181263872844
4 2 2 31912.443766955701
5 2 2 37714.706270038558
6 2 2 43516.968773121407
7 2 2 49319.231276204257
8 2 2 55121.493779287113
1 3 2 14505.656257707135
2 3 2 20307.918760789988
3 3 2 26110.181263872844
4 3 2 31912.443766955701
5 3 2 37714.706270038558
6 3 2 43516.968773121407
7 3 2 49319.231276204257
8 3 2 55121.493779287113
1 4 2 14505.656257707135
2 4 2 20307.918760789988
3 4 2 26110.181263872844
4 4 2 31912.443766955701
5 4 2 37714.706270038558
6 4 2 43516.968773121407
7 4 2 49319.231276204257
8 4 2 55121.493779287113
1 5 2 14505.656257707135
2 5 2 20307.918760789988
3 5 2 26110.181263872844
4 5 2 31912.443766955701
5 5 2 37714.706270038558
6 5 2 43516.968773121407
7 5 2 49319.231276204257
8 5 2 55121.493779287113
1 6 2 14505.656257707135
2 6 2 20307.918760789988
3 6 2 26110.181263872844
4 6 2 31912.443766955701
5 6 2 37714.706270038558
6 6 2 43516.968773121407
7 6 2 49319.231276204257
8 6 2 55121.493779287113
1 7 2 14505.656257707135
2 7 2 20307.918760789988
3 7 2 26110.181263872844
4 7 2 31912.443766955701
5 7 2 37714.706270038558
6 7 2 43516.968773121407
7 7 2 49319.231276204257
8 7 2 55121.493779287113
1 8 2 14505.656257707135
2 8 2 20307.918760789988
3 8 2 26110.181263872844
4 8 2 31912.443766955701
5 8 2 37714.706270038558
6 8 2 43516.968773121407
7 8 2 49319.231276204257
8 8 2 55121.493779287113
1 1 3 14505.656257707135
2 1 3 20307.918760789988
3 1 3 26110.181263872844
4 1 3 31912.443766955701
5 1 3 37714.706270038558
6 1 3 43516.968773121407
7 1 3 49319.231276204257
8 1 3 55121.493779287113
1 2 3 14505.656257707135
2 2 3 20307.918760789988
3 2 3 26110.181263872844
4 2 3 31912.443766955701
5 2 3 37714.706270038558
6 2 3 43516.968773121407
7 2 3 49319.231276204257
8 2 3 55121.493779287113
1 3 3 14505.656257707135
2 3 3 20307.918760789988
3 3 3 26110.181263872844
4 3 3 31912.443766955701
5 3 3 37714.706270038558
6 3 3 43516.968773121407
7 3 3 49319.231276204257
8 3 3 55121.493779287113
1 4 3 14505.656257707135
2 4 3 20307.918760789988
3 4 3 26110.181263872844
4 4 3 31912.443766955701
5 4 3 37714.706270038558
6 4 3 43516.968773121407
7 4 3 49319.231276204257
8 4 3 55121.493779287113
1 5 3 14505.656257707135
2 5 3 20307.918760789988
3 5 3 26110.181263872844
4 5 3 31912.443766955701
5 5 3 37714.706270038558
6 5 3 43516.968773121407
7 5 3 49319.231276204257
8 5 3 55121.493779287113
1 6 3 14505.656257707135
2 6 3 20307.918760789988
3 6 3 26110.181263872844
4 6 3 31912.443766955701
5 6 3 37714.706270038558
6 6 3 43516.968773121407
7 6 3 49319.231276204257
8 6 3 55121.493779287113
1 7 3 14505.656257707135
2 7 3 20307.918760789988
3 7 3 26110.181263872844
4 7 3 31912.443766955701
5 7 3 37714.706270038558
6 7 3 43516.968773121407
7 7 3 49319.231276204257
8 7 3 55121.493779287113
1 8 3 14505.656257707135
2 8 3 20307.918760789988
3 8 3 26110.181263872844
4 8 3 31912.443766955701
5 8 3 37714.706270038558
6 8 3 43516.968773121407
7 8 3 49319.231276204257
8 8 3 55121.493779287113
1 1 4 14505.656257707135
2 1 4 20307.918760789988
3 1 4 26110.181263872844
4 1 4 31912.443766955701
5 1 4 37714.706270038558
6 1 4 43516.968773121407
7 1 4 49319.231276204257
8 1 4 55121.493779287113
1 2 4 14505.656257707135
2 2 4 20307.918760789988
3 2 4 26110.181263872844
4 2 4 31912.443766955701
5 2 4 37714.706270038558
6 2 4 43516.968773121407
7 2 4 49319.231276204257
8 2 4 55121.493779287113
1 3 4 14505.656257707135
2 3 4 20307.918760789988
3 3 4 26110.181263872844
4 3 4 31912.443766955701
5 3 4 37714.706270038558
6 3 4 43516.968773121407
7 3 4 49319.231276204257
8 3 4 55121.493779287113
1 4 4 14505.656257707135
2 4 4 20307.918760789988
3 4 4 26110.181263872844
4 4 4 31912.443766955701
5 4 4 37714.706270038558
6 4 4 43516.968773121407
7 4 4 49319.231276204257
8 4 4 55121.493779287113
1 5 4 14505.656257707135
2 5 4 20307.918760789988
3 5 4 26110.181263872844
4 5 4 31912.443766955701
5 5 4 37714.706270038558
6 5 4 43516.968773121407
7 5 4 49319.231276204257
8 5 4 55121.493779287113
1 6 4 14505.656257707135
2 6 4 20307.918760789988
3 6 4 26110.181263872844
4 6 4 31912.443766955701
5 6 4 37714.706270038558
6 6 4 43516.968773121407
7 6 4 49319.231276204257
8 6 4 55121.493779287113
1 7 4 14505.656257707135
2 7 4 20307.918760789988
3 7 4 26110.181263872844
4 7 4 31912.443766955701
5 7 4 37714.706270038558
6 7 4 43516.968773121407
7 7 4 49319.231276204257
8 7 4 55121.493779287113
1 8 4 14505.656257707135
2 8 4 20307.918760789988
3 8 4 26110.181263872844
4 8 4 31912.443766955701
5 8 4 37714.706270038558
6 8 4 43516.968773121407
7 8 4 49319.231276204257
8 8 4 55121.493779287113
1 1 5 14505.656257707135
2 1 5 20307.918760789988
3 1 5 26110.181263872844
4 1 5 31912.443766955701
5 1 5 37714.706270038558
6 1 5 43516.968773121407
7 1 5 49319.231276204257
8 1 5 55121.493779287113
1 2 5 14505.656257707135
2 2 5 20307.918760789988
3 2 5 26110.181263872844
4 2 5 31912.443766955701
5 2 5 37714.706270038558
6 2 5 43516.968773121407
7 2 5 49319.231276204257
8 2 5 55121.493779287113
1 3 5 14505.656257707135
2 3 5 20307.918760789988
3 3 5 26110.181263872844
4 3 5 31912.443766955701
5 3 5 37714.706270038558
6 3 5 43516.968773121407
7 3 5 49319.231276204257
8 3 5 55121.493779287113
1 4 5 14505.656257707135
2 4 5 20307.918760789988
3 4 5 26110.181263872844
4 4 5 31912.443766955701
5 4 5 37714.706270038558
6 4 5 43516.968773121407
7 4 5 49319.231276204257
8 4 5 55121.493779287113
1 5 5 14505.656257707135
2 5 5 20307.918760789988
3 5 5 26110.181263872844
4 5 5 31912.443766955701
5 5 5 37714.706270038558
6 5 5 43516.968773121407
7 5 5 49319.231276204257
8 5 5 55121.493779287113
1 6 5 14505.656257707135
2 6 5 20307.918760789988
3 6 5 26110.181263872844
4 6 5 31912.443766955701
5 6 5 37714.706270038558
6 6 5 43516.968773121407
7 6 5 49319.231276204257
8 6 5 55121.493779287113
1 7 5 14505.656257707135
2 7 5 20307.918760789988
3 7 5 26110.181263872844
4 7 5 31912.443766955701
5 7 5 37714.706270038558
6 7 5 43516.968773121407
7 7 5 49319.231276204257
8 7 5 55121.493779287113
1 8 5 14505.656257707135
2 8 5 20307.918760789988
3 8 5 26110.181263872844
4 8 5 31912.443766955701
5 8 5 37714.706270038558
6 8 5 43516.968773121407
7 8 5 49319.231276204257
8 8 5 55121.493779287113
1 1 6 14505.656257707135
2 1 6 20307.918760789988
3 1 6 26110.181263872844
4 1 6 31912.443766955701
5 1 6 37714.706270038558
6 1 6 43516.968773121407
7 1 6 49319.231276204257
8 1 6 55121.493779287113
1 2 6 14505.656257707135
2 2 6 20307.918760789988
3 2 6 26110.181263872844
4 2 6 31912.443766955701
5 2 6 37714.706270038558
6 2 6 43516.968773121407
7 2 6 49319.231276204257
8 2 6 55121.493779287113
1 3 6 14505.656257707135
2 3 6 20307.918760789988
3 3 6 26110.181263872844
4 3 6 31912.443766955701
5 3 6 37714.706270038558
6 3 6 43516.968773121407
7 3 6 49319.231276204257
8 3 6 55121.493779287113
1 4 6 14505.656257707135
2 4 6 20307.918760789988
3 4 6 26110.181263872844
4 4 6 31912.443766955701
5 4 6 37714.706270038558
6 4 6 43516.968773121407
7 4 6 49319.231276204257
8 4 6 55121.493779287113
1 5 6 14505.656257707135
2 5 6 20307.918760789988
3 5 6 26110.181263872844
4 5 6 31912.443766955701
5 5 6 37714.706270038558
6 5 6 43516.968773121407
7 5 6 49319.231276204257
8 5 6 55121.493779287113
1 6 6 14505.656257707135
2 6 6 20307.918760789988
3 6 6 26110.181263872844
4 6 6 31912.443766955701
5 6 6 37714.706270038558
6 6 6 43516.968773121407
7 6 6 49319.231276204257
8 6 6 55121.493779287113
1 7 6 14505.656257707135
2 7 6 20307.918760789988
3 7 6 26110.181263872844
4 7 6 31912.443766955701
5 7 6 37714.706270038558
6 7 6 43516.968773121407
7 7 6 49319.231276204257
8 7 6 55121.493779287113
1 8 6 14505.656257707135
2 8 6 20307.918760789988
3 8 6 26110.181263872844
4 8 6 31912.443766955701
5 8 6 37714.706270038558
6 8 6 43516.968773121407
7 8 6 49319.231276204257
8 8 6 55121.493779287113
1 1 7 14505.656257707135
2 1 7 20307.918760789988
3 1 7 26110.181263872844
4 1 7 31912.443766955701
5 1 7 37714.706270038558
6 1 7 43516.968773121407
7 1 7 49319.231276204257
8 1 7 55121.493779287113
1 2 7 14505.656257707135
2 2 7 20307.918760789988
3 2 7 26110.181263872844
4 2 7 31912.443766955701
5 2 7 37714.706270038558
6 2 7 43516.968773121407
7 2 7 49319.231276204257
8 2 7 55121.493779287113
1 3 7 14505.656257707135
2 3 7 20307.918760789988
3 3 7 26110.181263872844
4 3 7 31912.443766955701
5 3 7 37714.706270038558
6 3 7 43516.968773121407
7 3 7 49319.231276204257
8 3 7 55121.493779287113
1 4 7 14505.656257707135
2 4 7 20307.918760789988
3 4 7 26110.181263872844
4 4 7 31912.443766955701
5 4 7 37714.706270038558
6 4 7 43516.968773121407
7 4 7 49319.231276204257
8 4 7 55121.493779287113
1 5 7 14505.656257707135
2 5 7 20307.918760789988
3 5 7 26110.181263872844
4 5 7 31912.443766955701
5 5 7 37714.706270038558
6 5 7 43516.968773121407
7 5 7 49319.231276204257
8 5 7 55121.493779287113
1 6 7 14505.656257707135
2 6 7 20307.918760789988
3 6 7 26110.181263872844
4 6 7 31912.443766955701
5 6 7 37714.706270038558
6 6 7 43516.968773121407
7 6 7 49319.231276204257
8 6 7 55121.493779287113
1 7 7 14505.656257707135
2 7 7 20307.918760789988
3 7 7 26110.181263872844
4 7 7 31912.443766955701
5 7 7 37714.706270038558
6 7 7 43516.968773121407
7 7 7 49319.231276204257
8 7 7 55121.493779287113
1 8 7 14505.656257707135
2 8 7 20307.918760789988
3 8 7 26110.181263872844
4 8 7 31912.443766955701
5 8 7 37714.706270038558
6 8 7 43516.968773121407
7 8 7 49319.231276204257
8 8 7 55121.493779287113
1 1 8 14505.656257707135
2 1 8 20307.918760789988
3 1 8 26110.181263872844
4 1 8 31912.443766955701
5 1 8 37714.706270038558
6 1 8 43516.968773121407
7 1 8 49319.231276204257
8 1 8 55121.493779287113
1 2 8 14505.656257707135
2 2 8 20307.918760789988
3 2 8 26110.181263872844
4 2 8 31912.443766955701
5 2 8 37714.706270038558
6 2 8 43516.968773121407
7 2 8 49319.231276204257
8 2 8 55121.493779287113
1 3 8 14505.656257707135
2 3 8 20307.918760789988
3 3 8 26110.181263872844
4 3 8 31912.443766955701
5 3 8 37714.706270038558
6 3 8 43516.968773121407
7 3 8 49319.231276204257
8 3 8 55121.493779287113
1 4 8 14505.656257707135
2 4 8 20307.918760789988
3 4 8 26110.181263872844
4 4 8 31912.443766955701
5 4 8 37714.706270038558
6 4 8 43516.968773121407
7 4 8 49319.231276204257
8 4 8 55121.493779287113
1 5 8 14505.656257707135
2 5 8 20307.918760789988
3 5 8 26110.181263872844
4 5 8 31912.443766955701
5 5 8 37714.706270038558
6 5 8 43516.968773121407
7 5 8 49319.231276204257
8 5 8 55121.493779287113
1 6 8 14505.656257707135
2 6 8 20307.918760789988
3 6 8 26110.181263872844
4 6 8 31912.443766955701
5 6 8 37714.706270038558
6 6 8 43516.968773121407
7 6 8 49319.231276204257
8 6 8 55121.493779287113
1 7 8 14505.656257707135
2 7 8 20307.918760789988
3 7 8 26110.181263872844
4 7 8 31912.443766955701
5 7 8 37714.706270038558
6 7 8 43516.968773121407
7 7 8 49319.231276204257
8 7 8 55121.493779287113
1 8 8 14505.656257707135
2 8 8 20307.918760789988
3 8 8 26110.181263872844
4 8 8 31912.443766955701
5 8 8 37714.706270038558
6 8 8 43516.968773121407
7 8 8 49319.231276204257
8 8 8 55121.493779287113
